"","posterior.1","posterior.10","posterior.11","posterior.12","posterior.13","posterior.14","posterior.2","posterior.3","posterior.4","posterior.5","posterior.6","posterior.7","posterior.8","posterior.9"
"Senegal_Casamance_6285",0.99961598226042,1.41870280740783e-26,9.67242714644369e-35,2.57291647107087e-36,8.73624871281161e-32,1.03821075803638e-34,0.000384017739408327,8.50436254586375e-15,1.6325885988351e-13,1.23108291211958e-27,2.12757206112669e-22,2.58495293453728e-25,1.72259708199956e-25,1.66006282659251e-36
"Senegal_Casamance_6286",0.0364424652233576,1.76040341529356e-11,7.3235853575178e-17,4.09447569205916e-20,4.46971063937404e-09,7.02348986928166e-13,0.205745209903386,5.41612965200798e-05,0.75775814875976,1.11361521924121e-13,1.02691563952106e-08,5.89919263735543e-11,6.99443880403209e-13,3.99310917460049e-21
"Senegal_Casamance_6288",0.955009898477078,2.28155124795366e-22,4.30464666275209e-29,5.56841738684411e-31,4.15633377719436e-18,1.04411169043399e-21,0.0449901015129096,3.19126408828785e-14,9.98064402615043e-12,2.34977346081478e-24,1.14023384205902e-18,1.74814786049674e-21,3.96243133832488e-23,5.05437446506525e-31
"Senegal_Casamance_6289",0.985403825605635,4.31476990062521e-24,5.08965078806224e-29,7.84287138831346e-34,5.49306860440249e-22,1.51855419598885e-25,0.0145961741121338,2.79893149889579e-14,2.82203419209993e-10,1.60458188298306e-25,1.83667301682701e-20,3.13938432062644e-24,1.01075935935392e-24,2.43129402208357e-35
"Senegal_Casamance_6290",0.999953232498268,1.73292609439086e-31,3.37705720949473e-42,3.41327927063731e-40,8.52425421537958e-25,4.01154518108844e-29,4.67675017316324e-05,2.75962213421795e-17,1.00845604636672e-16,2.36085013505413e-32,4.08635118101003e-27,1.72184362008841e-29,3.24768508310072e-31,1.19052112286023e-43
"Senegal_Casamance_6292",0.994771193232696,4.15779044542419e-21,4.68011287528752e-30,1.25073631261174e-32,6.00012717341582e-21,2.64847018219207e-24,0.0052288064409897,9.62704809235013e-13,3.2535126130128e-10,4.70654769091173e-21,2.41381701889296e-17,1.18123786108051e-20,3.17146986094485e-22,3.22493743140413e-32
"Senegal_Casamance_6293",0.99995449707685,9.19879652209444e-24,1.38154590059656e-31,1.51992618831647e-29,1.72286109572992e-18,2.05320841402268e-21,4.55026215098092e-05,2.07736760022548e-10,9.39033162967532e-11,1.92443340211778e-25,1.00071558975635e-18,2.63456998689822e-21,7.77977510973814e-23,3.18651361864951e-31
"Senegal_Casamance_6294",0.999998964379589,2.4921976463562e-24,1.02514540529259e-30,6.11946736100331e-32,1.31031182090068e-19,2.90440940922005e-22,1.03486231055381e-06,5.58902469053907e-10,1.99197650010246e-10,4.25325358209203e-24,3.71375272186701e-19,8.40197669916278e-23,7.99883430657962e-24,3.58403698711131e-31
"Senegal_Casamance_6295",0.99965650911214,1.749471763297e-28,2.39821673677163e-36,6.65496515964358e-42,1.04662752581383e-30,1.82604636607164e-34,0.000343490887860357,5.50435714560751e-18,1.5964721723925e-16,2.91421154306538e-29,5.44315059119954e-25,1.28659187702173e-27,1.1459298038465e-29,1.00049632611718e-37
"Senegal_Casamance_6296",0.999998387897213,1.36594699437995e-29,5.16413084462938e-38,4.58043750371385e-40,2.04742969071409e-27,4.9081276933237e-31,1.61210275099894e-06,2.03148587674992e-14,1.61299434610089e-14,1.11466664347289e-29,1.30051790970853e-24,4.98188825680974e-27,2.9929846295181e-29,2.65923574475385e-40
"Senegal_Casamance_6297",0.999997115442704,7.99623182786955e-30,1.74488510408701e-36,1.45506136691931e-41,7.42394307270233e-29,4.66659603968857e-32,2.88455729501703e-06,4.97955561085226e-16,6.00345449237417e-16,9.03409296594065e-32,3.92652924162273e-26,6.08238668834003e-30,2.10121823340209e-30,3.46438892959545e-37
"Senegal_Casamance_6298",0.999984856824133,4.2669817769706e-31,3.67113457863946e-40,1.67466032215936e-42,7.52107573025484e-31,3.56006826290567e-35,1.51431758674198e-05,1.0211110207115e-16,5.17600486526479e-17,2.13927999557176e-32,4.1468485355531e-27,2.0615046657327e-29,1.54909427344777e-30,4.90967889243546e-40
"Senegal_Casamance_6299",0.999524547228603,9.79784990442139e-23,1.56722532110425e-31,1.58596809623428e-28,3.18553474423284e-21,8.62936896472372e-24,0.000475429416897034,1.78205029268707e-09,2.15724500608983e-08,1.04531583114376e-22,1.20800427383011e-17,1.21979060145922e-21,7.12491527029374e-22,2.10690348666543e-30
"Senegal_Casamance_6300",0.999767693409041,1.00278450372146e-25,2.78026163020496e-34,3.81816657073812e-29,2.0928887496411e-21,3.21531950248607e-24,0.000232306582703988,8.25250006352316e-13,7.42952335011554e-12,6.12535452259571e-25,8.34724534621124e-20,2.41917129197497e-23,1.20354460624907e-24,3.0936158882919e-32
"Senegal_Casamance_6301",0.794013611116519,2.01198532277066e-25,2.53553160265991e-34,4.79042987568485e-31,1.65516320219687e-21,2.35934786425352e-25,0.205986388883044,1.28234063017838e-17,4.37472690049417e-13,7.83205576989877e-26,9.00480775139723e-22,6.48430860449914e-25,3.37758966892686e-26,3.05065800707155e-37
"Senegal_Casamance_6302",0.0888600985323767,1.47639525461327e-10,3.39795274644741e-14,1.98215530040073e-15,6.42404403220172e-09,6.50904022361643e-10,0.893050935409978,9.43858927961103e-08,0.0180885260572786,6.65516339308633e-13,3.38374083198103e-07,1.5739796086148e-11,1.36189357210179e-12,1.08498526004899e-18
"Senegal_Casamance_6303",0.999893582396878,1.03906150814195e-29,4.19891540585798e-38,3.79598033539458e-41,1.04897629869637e-28,1.81545590001252e-31,0.000106417603118189,4.63328842857312e-16,3.22570156783818e-15,1.31321050552279e-33,3.90611499401785e-28,3.99004422673115e-32,1.57318708981042e-33,3.60316242255801e-42
"Senegal_Casamance_6305",0.979837978496587,1.13637762732707e-26,1.1759197253609e-34,9.16914000447633e-34,2.6371402437629e-22,2.28048830559112e-26,0.0201620215014119,1.38488344934109e-15,1.9993307074581e-12,1.36749919075406e-27,9.11681847723919e-23,2.03886302516103e-26,4.63711360436182e-28,1.75847074758656e-35
"Tanzania_6573",3.1585352627854e-05,5.81578349000494e-05,1.41336369645405e-12,3.53591076822583e-12,6.37046114210165e-08,4.98288853777802e-09,0.0335151785682343,6.73942791398202e-05,0.941130378623522,1.15564181603705e-07,0.0251824301713348,1.23001726886499e-05,2.39072579052582e-06,1.51309915302779e-11
"Tanzania_6579",0.618124728422181,1.65781900370028e-27,7.1238225028778e-38,5.71288141640976e-39,5.71781191963741e-26,1.65259659868518e-30,0.381875271577819,1.61965302074779e-20,7.04596242608215e-17,1.57990281579008e-29,7.89773894233706e-25,1.1829291570733e-28,2.22160330752964e-30,1.19933149009471e-36
"Tanzania_6580",0.000311387013107116,0.000250742511233037,1.30392629719453e-07,2.53224240915237e-11,8.61061657796053e-08,2.804850829314e-09,0.389230626503165,3.49918505566546e-07,0.609288786388438,3.79064461276128e-07,0.000916330221242491,9.20677711545865e-07,2.58373162963979e-07,3.78663179336448e-15
"Tanzania_6581",7.71385041411076e-05,5.58983020079227e-22,1.25633588084244e-31,6.92473795368839e-28,4.50752536998844e-24,3.48300977448295e-26,0.999922861494063,1.85487993720034e-20,1.79614058717687e-12,1.87542823585468e-22,8.1703086081618e-19,3.50621051466344e-24,4.16726689237095e-24,8.43999009322314e-35
"Tanzania_6583",0.58800052137571,3.13795209251563e-23,1.80111991709084e-28,2.68936155813371e-28,1.71336178412119e-20,5.36825229997677e-24,0.411999478624233,1.2342534882975e-16,5.75224091994597e-14,3.28179920382144e-24,5.84389384851416e-20,9.16239730822548e-24,4.18174263913619e-25,7.54145094426894e-28
"Tanzania_6588",0.00425996979603332,1.48757541303848e-18,9.25580505740576e-25,2.25439816048062e-27,3.07566255654602e-20,1.60964882008055e-23,0.995740030199139,2.09668000872561e-18,4.82760377499944e-12,2.28008433556981e-20,6.39279414872068e-18,9.48455761060717e-21,8.17608983843422e-23,6.41801878850246e-31
"Tanzania_6589",0.000545992743398821,1.08391849273262e-18,3.77352271912947e-24,4.5690086182565e-24,9.15703752374999e-20,1.2820120667674e-21,0.999454005974476,1.03119492631934e-17,1.28212512859259e-09,4.76115954871473e-21,5.25580325412743e-16,4.63143880835305e-21,1.38941096309059e-21,7.09218167092348e-30
"Tanzania_6593",0.000764071232009518,8.71524756558705e-24,3.28463991370955e-32,1.02764580019031e-32,1.08357819663117e-25,6.74290816634241e-30,0.999235928767968,1.81913339472756e-20,2.29116614714243e-14,1.25800568718588e-26,4.12440469407091e-23,1.50696543972252e-26,1.52304652482226e-28,1.12239454425746e-35
"Nepal_7074",5.78987218134628e-14,1.49452704369125e-16,2.25854444809766e-21,4.5967740554833e-19,1.64549234157886e-09,1.90285605089639e-11,1.67785839734013e-19,0.999848466388688,0.000151530336328968,1.34682189026214e-12,1.55868962990657e-09,1.89445563744317e-11,3.14229827405326e-11,5.69720014880267e-23
"Nepal_7076",4.05854763540046e-16,1.52799476730291e-13,5.58008087165117e-20,2.33842195850343e-21,8.99560452713836e-21,7.78082705668593e-22,7.54936834767038e-20,0.999684171308284,0.000315825168422641,3.94780742209278e-13,3.45127902920485e-09,6.24312053268744e-11,9.03540596541884e-12,1.05487828012172e-21
"Nepal_7077",6.68577081404724e-07,1.00954416691111e-14,1.76205401410726e-21,1.69372217505266e-26,6.69111030625784e-19,5.51480515103882e-22,2.00794935306565e-07,0.979469534811592,0.0205295945572134,1.19498007925567e-14,1.25610062985241e-09,3.05252800083382e-12,2.89738482150108e-15,6.761567988596e-22
"Nepal_7078",2.29837773009007e-11,3.24875706940636e-13,2.05643986448097e-18,4.93922541114619e-14,3.23429932516893e-08,1.72789308909474e-09,9.8589014310587e-13,0.770707442353224,0.229290948789596,4.54411330993582e-13,1.57439275700742e-06,2.46490066653607e-10,1.22246335982215e-10,1.60459934358939e-15
"Bangladesh_6661",1.90001123698438e-17,6.58106832636128e-10,4.7847888953635e-16,9.53277328565625e-14,4.34392116396207e-12,4.82176353023055e-14,3.02691438508728e-15,0.000226067433781568,0.999713662343313,9.79169518867088e-08,6.00119117495676e-05,5.23287509198692e-08,1.07402854795366e-07,3.92286248727464e-22
"Bangladesh_6669",9.50573302804848e-14,2.58308068577702e-06,9.94895714841954e-09,7.94191762898582e-12,2.00807971176677e-12,5.3530619625697e-13,8.5774210379186e-13,0.0193398942002981,0.961260741091669,0.000209610528724494,0.0191688484706206,1.2407099223884e-05,5.90556837864743e-06,4.42512599612123e-15
"Bangladesh_6699",8.16648535156729e-06,2.15942428357929e-16,8.09330039659636e-23,2.22026913632584e-18,8.02453587033677e-14,4.79984451872283e-14,8.69852828296725e-09,6.22428479568931e-06,0.999985600380662,1.37878649662781e-16,1.50507026261171e-10,1.33550487562322e-14,1.35957530650352e-14,8.88192149333578e-28
"Bangladesh_6705",5.31555844645684e-12,4.7580312278753e-10,3.18152856934803e-14,6.31102402748461e-10,1.8716554680162e-07,3.45016215643851e-09,1.81951333491757e-12,0.0527194592124447,0.947194914374705,1.76302052536262e-09,8.42715264338545e-05,9.77816115110125e-07,1.83577499614997e-07,3.04162589836728e-19
"Bangladesh_6711",8.68655886775303e-11,7.45057985596648e-12,7.96194728770816e-17,7.67643796030253e-17,7.80220456886397e-13,2.78106581222448e-14,4.60248597622189e-09,7.17423416844144e-07,0.999999235219381,7.23313420072809e-11,4.25807775222227e-08,3.18377627364661e-12,3.29955658391429e-12,2.98785548000977e-26
"Bangladesh_6727",8.4359398662526e-13,1.39416432143748e-12,5.51503375304087e-19,1.29854530066662e-19,9.27559771397415e-13,7.6076473900649e-14,2.25560178380425e-10,6.92736415160152e-07,0.999999306190895,4.1882754163316e-16,8.43842469124996e-10,2.66193221064409e-14,1.85310980179673e-14,5.08176792530303e-21
"Bangladesh_6733",2.53349170246239e-10,3.25333577365291e-07,9.12497711822955e-10,8.20194777104708e-12,5.78254270024959e-14,1.93760692309831e-14,1.79973150604491e-05,4.57290329849651e-11,0.997786388831589,7.56676297296969e-06,0.00218420065640053,1.14374381383504e-08,3.50844310658713e-06,2.43733530673981e-16
"Bangladesh_6740",1.49761440349336e-07,2.96088052733674e-13,1.6620424110684e-18,2.85616153190477e-18,2.48339183566722e-13,2.16096709168558e-16,1.23009029054915e-08,0.00652951585170849,0.993470320997155,1.62802763259397e-12,9.89517076291938e-10,9.64926311569148e-11,6.10705033622947e-13,1.39068128476307e-24
"Bangladesh_6749",8.21809499466686e-11,6.95790770369684e-09,2.66247703142203e-14,3.2279466959733e-14,2.27901836895259e-10,1.76232186514919e-10,1.60978898397599e-11,0.00086277145909664,0.996533798751385,2.07151782758293e-07,0.002602731362583,1.9100536176403e-08,4.64714120313616e-07,1.16345878060858e-13
"Bangladesh_6759",9.771463128114e-15,7.88272064002069e-11,2.9603534494854e-17,5.52955035850471e-16,2.28280679198014e-12,3.13472225656764e-13,3.10245913871488e-12,1.93144265604485e-06,0.999997870947024,3.44672195655155e-12,1.9730325928244e-07,1.21645343818554e-11,2.06913080066064e-10,1.50350679018586e-22
"Bangladesh_6769",3.24413578317258e-11,4.01872445633988e-13,5.43776048726404e-17,1.0426883196785e-16,1.19554704317463e-12,4.70115035705689e-13,4.27583555487119e-11,2.51951069890447e-05,0.999974801100629,2.20519019749018e-14,3.71056277256375e-09,2.07928649012351e-12,2.45048832038099e-12,3.63805910792362e-22
"Bangladesh_6775",7.09584888562744e-14,6.65245964732704e-12,1.34726018915851e-16,8.71946273783791e-16,2.34315491123006e-08,5.64006680749594e-11,1.54891124032234e-15,0.606108713957145,0.393875358157464,2.04700350511096e-10,1.57982801745965e-05,4.40640210336509e-08,6.18418187695465e-08,6.1293706880043e-18
"Bangladesh_6778",9.13816546105649e-15,3.214575935452e-10,5.91568301784611e-14,8.00957891169695e-15,1.40917061800798e-13,4.04001272285533e-14,4.06014747897094e-12,3.66217221056015e-05,0.99994867185658,1.50995115765526e-10,1.47045605373694e-05,6.33672852222187e-10,7.50333366947656e-10,1.89397805740622e-16
"Bangladesh_6792",1.56621484989706e-14,2.65501336891562e-12,9.10520163302402e-19,8.33425202451899e-12,8.88132974438872e-14,5.79114581741523e-14,2.94350814172545e-13,4.69450385423597e-06,0.999992979649037,9.98740204521193e-10,2.32180650760296e-06,1.51261894819429e-11,3.01528864012787e-09,1.73578292743907e-23
"Bangladesh_6799",4.23374415874009e-14,5.02647563503779e-09,1.98670243037367e-11,4.25229662028912e-10,4.60924541117055e-13,1.3654988340235e-13,7.52158016580196e-10,9.30152025171753e-07,0.999903951021341,9.4747584898054e-09,9.50616480194632e-05,6.9544300335525e-09,3.45250556900416e-08,4.41953820157451e-16
"Bangladesh_6814",0.014438879135413,1.39311021385372e-12,2.91620971294701e-22,3.94178460210725e-18,6.57000554604588e-10,3.81177024952406e-11,0.00282690791401016,0.000138395538288201,0.982595670383581,2.57603279321829e-13,1.46293338665745e-07,1.26793513531052e-11,2.59207641918899e-11,7.20631424035232e-23
"Bangladesh_6816",3.89157422063946e-11,1.36624642238076e-12,1.31390323710679e-14,9.79123705289408e-17,3.82626854212725e-11,1.6327712403353e-12,3.02167602155515e-12,0.000899368858840556,0.999099201284426,1.26575158356894e-12,1.42812485735156e-06,6.29444325528244e-11,1.58445338732776e-09,2.41140141391114e-18
"Bangladesh_6824",2.55215254266979e-10,1.90701971670425e-10,7.33599282639083e-11,2.98636717655074e-14,9.72441577580035e-11,6.94810499706921e-12,3.28299517723629e-11,0.0130553132981206,0.986937131574973,8.0500320098387e-13,7.54926720147333e-06,3.78103495603596e-10,4.824464060921e-09,3.50615615934205e-15
"Bangladesh_6834",6.05683559076913e-10,4.50268198503537e-12,3.27051348728668e-14,8.29439189070922e-18,5.55191300416471e-18,1.13186862192743e-18,3.7237450263626e-09,0.000217813689495361,0.999781803496857,1.84048804020876e-11,3.78310245572278e-07,1.05197563113683e-10,4.5835603536118e-11,1.00580159486308e-21
"Bangladesh_6845",3.7278926748196e-08,9.01988414275734e-08,7.36456818299243e-13,2.21154079060678e-09,5.95533719298556e-06,7.59928408700619e-09,0.000704409943943771,1.34109966752311e-06,0.997756696092175,3.8459300965337e-08,0.00153085072956556,4.65027689584802e-07,1.06021132816856e-07,2.26857878790218e-15
"Bangladesh_6868",6.96248682635197e-11,6.84086952357411e-09,5.19281154045896e-18,8.01164609794636e-15,2.67248794339334e-07,3.34407616936312e-07,1.85039658877952e-08,1.23493211359599e-05,0.998811319106424,3.8675052466721e-08,0.00117540524354635,1.88904853136923e-08,2.4169247698371e-07,1.25286911023304e-17
"Bangladesh_6881",3.02444343397193e-11,5.20776784139505e-07,1.62039782875642e-10,5.83488768319473e-08,1.70170671180853e-07,1.18460632348447e-07,3.5686587730564e-09,1.81471397026471e-05,0.972295737721822,3.31354860107932e-07,0.0276689517942286,1.26509974666955e-05,3.30947363344016e-06,3.79186531547654e-13
"Bangladesh_6902",1.45248121261737e-16,2.83543915787249e-09,6.67490261453759e-16,7.7617643643264e-10,2.23800912687668e-10,1.10602432781712e-09,2.44199174208089e-14,3.47620116090529e-08,0.999988192322806,5.51815974336775e-10,1.17501719151279e-05,2.18232660283593e-09,1.5067658914378e-08,2.02459352145842e-21
"Bangladesh_6908",3.11196593727709e-11,4.10638047381726e-10,6.59579493757679e-15,2.66151961611067e-15,9.16563703669697e-15,8.17199749984636e-17,9.66021289966038e-12,0.0107587497996645,0.989241200150951,1.60725975745723e-11,4.91221160946358e-08,3.22546756658208e-10,1.37212099434794e-10,9.05444237175202e-18
"Bangladesh_6914",6.82845747849975e-12,9.17364863794569e-07,5.14410424342701e-13,3.35906240661503e-14,1.11507111309822e-11,1.24025285511601e-14,1.74745393135111e-09,0.0245117361043845,0.964741899203029,0.00214850789527823,0.00764294284009173,0.000944454956618896,9.53986974041437e-06,5.42325893733852e-19
"Bangladesh_6926",1.28954312208481e-12,9.8145608407726e-10,7.67803261507853e-16,7.80079460682123e-11,5.92227519348457e-09,2.52967931952573e-09,4.2682085999314e-09,0.000290376134203806,0.999331401290625,1.86245532990673e-07,0.000377990516058256,2.85057764274446e-08,3.52688601970126e-09,1.77908944356224e-17
"Bangladesh_6935",1.02980047872039e-13,7.53254403484632e-05,0.000299146504715377,1.22690581224118e-09,2.06916777121059e-13,1.58403907809252e-13,8.12091372698055e-12,5.42504096513808e-05,0.943298445056551,1.60616469118177e-05,0.0552968195189948,0.000802515111388841,0.000157435074663716,1.28002076838899e-12
"Bangladesh_6941",2.08092123025711e-15,7.07274222656734e-11,7.11175478051867e-15,3.03087709789995e-15,1.79859743131208e-13,1.63249999226877e-13,2.17691928818965e-13,3.79466823600709e-07,0.999999562084065,3.85329076219857e-11,5.83314128673183e-08,1.83010994530797e-13,7.68194651072555e-12,8.31748837178123e-24
"Bangladesh_6946",1.38130724466055e-14,2.71768211568702e-10,5.02898943651351e-15,6.46328603623304e-16,2.97104339254567e-13,1.78066483341388e-13,2.16081449765262e-11,7.05547983776958e-08,0.999999517853265,3.41427351012201e-12,4.11169099102009e-07,7.21139028584562e-11,5.34383362688515e-11,3.69685406996957e-19
"Bangladesh_6960",4.26972829185269e-19,1.84313180594223e-11,2.43813673478534e-18,9.26846411541492e-14,2.37449291800414e-16,1.01164905522088e-16,2.91287716020514e-18,0.0111298055024093,0.98886775580121,6.799064464506e-08,2.3652614673272e-06,4.34547805851176e-10,4.99119685343341e-09,1.94061282303816e-20
"Bangladesh_6961",1.73948132724359e-16,2.02019162684466e-12,7.34843994046627e-19,1.71321710663011e-13,2.47295535622373e-13,2.50328124183266e-13,1.98193011114351e-16,0.00453436407442403,0.995444977188689,5.46276571944305e-10,2.06521316005265e-05,6.44597523198115e-10,5.41172268797002e-09,2.42007005280298e-20
"Bangladesh_6970",4.83298364502255e-13,2.61297110870581e-10,1.21427805809718e-11,6.68277024524405e-08,4.81963899081633e-08,5.31538578003741e-09,3.31346381863011e-09,2.68880204643193e-08,0.999981877250542,1.30813877512812e-08,1.79431152574765e-05,4.10042405783038e-09,1.16375028927709e-08,2.72948265772875e-18
"Bangladesh_6984",8.66328433424791e-16,1.37986869371733e-08,6.76013729026086e-13,4.83234581291538e-11,6.3494648531451e-08,4.60181088909038e-08,5.08179190956814e-14,8.57110642330111e-06,0.999885135756761,1.84243514058456e-11,0.000106131105320566,1.67093741139746e-08,2.19432012097584e-08,4.01395754575504e-16
"Bangladesh_6988",7.60851625825276e-13,9.48325154664519e-13,1.07183990177054e-15,1.35273942677471e-15,3.66431211120927e-11,2.15126577265068e-11,3.11540677081523e-13,5.74985389590167e-06,0.999994210185088,6.18358491972094e-13,3.9556967124584e-08,9.00920539729265e-12,3.3424299077075e-10,1.16013369968196e-20
"Bangladesh_6999",7.29558605914813e-14,1.15948498275248e-10,5.00287314732053e-14,1.02862899056781e-09,1.38269790731246e-12,3.38817353297197e-13,4.16304084877772e-13,5.28887317730009e-08,0.999992291164327,3.90074090081353e-09,7.39358081334209e-06,2.2989278995598e-08,2.34329269757969e-07,1.66436476146614e-21
"Bangladesh_7006",2.49106521392794e-14,4.33811594839589e-12,9.72964781303676e-18,5.46352246200388e-20,4.45858210144195e-13,1.40788192040949e-14,1.86444487218965e-14,0.0121658848491072,0.987831281194426,1.01159845843512e-10,2.83196288786229e-06,4.09649970483642e-10,1.47792690695567e-09,1.09814218424979e-17
"Bangladesh_7112",2.963682141366e-10,1.61183654030751e-10,1.43705833149253e-13,5.06674023345822e-14,4.28294889321157e-12,1.98420177576672e-12,4.51056195144129e-10,1.63087571108164e-05,0.999980735655102,2.12162719507285e-12,2.94500365044395e-06,2.21054962229347e-09,7.45639570225315e-09,3.03264535237542e-20
"Bangladesh_7114",3.48758495212235e-12,2.69184918970107e-09,3.20055768312048e-13,1.5091211030131e-14,1.36673930974982e-09,1.32409247029998e-09,3.42106454996353e-12,1.19907235894722e-05,0.999987912130932,4.58764012131169e-12,9.1623644208279e-08,1.34639515028108e-12,1.2597493264227e-10,1.30761444283941e-20
"Bangladesh_7127",1.49482268759906e-07,4.94719295380351e-10,1.89043554633358e-15,3.29553282255292e-07,0.000197651264138419,3.90177404297656e-05,4.5577124160668e-08,0.000944659212668551,0.99880882486993,2.18548587492669e-08,9.27759172476896e-06,1.6238723232545e-08,6.12013034647654e-09,4.41056670130716e-20
"Laos_Luang_Nam_Tha_6371",1.22014583282152e-24,0.0190299179535798,0.165261055283988,2.474904388972e-09,2.51136521349609e-10,6.81239394701764e-11,3.08118212855188e-19,5.9302151695127e-16,5.37828699266158e-10,0.813586883826451,0.0011295939768478,1.36251772335317e-05,0.000978916796201845,3.65370351270551e-09
"Laos_Luang_Nam_Tha_6374",1.29969083852621e-22,0.0204061892965098,2.57170242450647e-10,5.22429163906134e-11,6.13547123993125e-17,3.91974110644455e-18,1.08951666343985e-16,1.38228981146181e-15,2.59335369460081e-07,0.978005622577276,0.0014665918470723,8.54859319401879e-06,0.000112788041163586,1.53547390481886e-16
"Laos_Luang_Nam_Tha_6375",1.12270367908617e-26,0.000796974212229899,1.38712767584373e-09,6.78236212601452e-09,1.31367491170901e-13,2.38396308838563e-14,1.65952978871789e-20,5.9823203918971e-15,5.58442228486582e-09,0.999172128915248,2.54754797335939e-05,1.56357340598503e-06,3.84406530901616e-06,4.17316831962896e-19
"Laos_Luang_Nam_Tha_6376",2.43983386093532e-29,2.42402514138675e-06,2.14767752010095e-13,8.22867525102936e-09,9.42858625453816e-18,1.01819056916394e-18,5.20409720586445e-23,4.99456566027163e-13,1.15614691120515e-08,0.893537777490782,0.0187099748968096,0.00707553173503262,0.0806742720613755,1.00867156156081e-18
"Laos_Luang_Nam_Tha_6377",3.40625016837256e-24,0.0488891080420391,4.84514314359791e-08,1.61691058157037e-08,4.5639233116224e-15,1.58559800406564e-17,7.69014508686158e-18,1.53773379098609e-14,5.08832942393762e-08,0.00785961643860973,0.372901526816821,0.0568141653388854,0.513535467847322,1.24716344760982e-11
"Laos_Luang_Nam_Tha_6378",3.84928813723501e-31,7.9887081194703e-07,6.22646927146314e-12,1.3637657322591e-08,8.61263260094433e-16,1.53458335163086e-16,5.93728942804126e-28,2.05301742762967e-13,4.12885253510105e-11,0.829244592802215,0.0163033250902462,0.104744011522086,0.0497072580292605,1.29082745551759e-15
"Laos_Luang_Nam_Tha_6379",2.67488127308431e-20,0.0117376709188239,0.00080921487315323,9.29574071859191e-07,3.05914431490798e-09,7.51859159470142e-09,1.8572952939964e-14,1.59451792713604e-12,8.23091167491058e-08,0.492912431853112,0.492275931717961,4.59154353721845e-05,0.00221781262448998,1.14549951835777e-10
"Laos_Luang_Nam_Tha_6380",9.458323554438e-27,2.88790888854978e-07,1.00870521238881e-11,9.77261861125672e-09,9.3606161411336e-21,8.24216879498387e-21,4.799852222045e-20,3.62180330368642e-16,1.16725320016804e-10,0.92856261128862,0.0630964983093041,0.0070760900430665,0.001264501668653,3.58709680207487e-14
"Laos_Luang_Nam_Tha_6381",1.0460818551036e-22,7.66508171396824e-06,4.3757778689279e-15,4.10377079970299e-19,1.98789702682465e-15,9.97437119654362e-19,9.24511172868527e-20,7.83316521807318e-13,8.36715970757916e-10,0.989982716193486,0.000256865687519459,0.00297809779290087,0.00677465440687405,5.5430841786262e-21
"Thailand_Chiang_Mai_6390",3.46198030300454e-15,0.0216110522795882,1.78305557842068e-11,9.37530217800992e-13,9.14309431845555e-15,4.33252330735354e-15,4.01530477557249e-12,3.66388458338367e-10,6.81321178825905e-06,0.170742009845981,0.751295979390505,0.000183785487650447,0.0561603593937366,1.56273658237691e-12
"Thailand_Chiang_Mai_6392",2.42008588479329e-16,0.000346031204480276,1.28116967213935e-09,1.60581227678522e-06,5.7669349659887e-07,2.10064907321988e-07,1.05622730777007e-12,7.7812310105853e-11,0.025232806852536,0.00701558066201924,0.930874297668769,9.67895421245656e-05,0.0364321001393421,9.55162226435408e-15
"Thailand_Chiang_Mai_6393",4.26339327821947e-21,0.000386576184035485,0.0492803136019433,5.48464060535682e-11,2.25323252935748e-13,1.34249403285697e-14,1.90040203589785e-17,4.10396826984296e-09,1.40314425160849e-06,0.003348637853338,0.859748924556641,0.0860211379666452,0.0012129335388748,6.89952172937881e-08
"Thailand_Chiang_Mai_6394",2.97209189888903e-12,3.77791463656084e-06,4.35196335076294e-09,0.042410797754203,4.03225371341366e-07,4.04181159562808e-09,7.9827725652834e-09,4.19235934940355e-05,0.43647201380529,0.0105255262981238,0.474448056671402,0.0356418547943222,0.000455629563264561,3.72616826229256e-13
"Thailand_Chiang_Mai_6395",7.80559661511756e-23,0.000169031615876773,2.03351885255624e-06,4.38170122370635e-05,1.69361013749008e-10,1.47155434748288e-10,6.53755084817945e-17,4.61160385481558e-09,6.80185436744931e-05,0.149431550196629,0.831079023349012,0.000156286910056731,0.0190502339221194,3.42091125587649e-12
"Thailand_Chiang_Mai_6396",2.11390154322152e-24,2.2819472504887e-05,2.91161851993401e-07,1.25977761607524e-09,4.10204078821711e-12,2.71053210163859e-14,1.24007704454764e-18,4.83251844671249e-09,7.5045534683972e-05,0.00240588708883765,0.958140614386851,0.00125355622889909,0.0381017567963132,2.32336331601867e-08
"Thailand_Chiang_Mai_6397",5.65311193894692e-21,2.73649322136176e-09,6.44975337651577e-13,1.71639775661563e-14,3.65309854201689e-08,1.83022850403068e-09,7.68593232668587e-19,0.000175921995904093,0.0295370640308997,1.15199766923934e-05,0.970164332226171,8.18040694438441e-05,2.93037577834964e-05,1.28447362413497e-08
"Thailand_Chiang_Mai_6398",2.6298446454809e-16,7.31607713394443e-07,9.14129853173928e-08,9.05648160724313e-11,1.93704196814217e-11,1.37414822391822e-12,1.46767427898827e-14,4.33001740427944e-06,0.00342162330251491,0.245919692222676,0.746900742835721,0.00284916491887863,0.000903623570776093,6.43939839903532e-15
"Thailand_Chiang_Mai_6399",7.90922522878285e-19,0.00119194854279342,2.877809115305e-08,1.03366253715419e-09,1.07749456839215e-09,2.30382424673861e-10,2.77696067151981e-15,1.69642719902918e-07,0.00775688351710765,0.000574431387542524,0.893576385821284,0.0508910430110107,0.0460091069579078,5.50343647264862e-16
"Thailand_Chiang_Mai_6400",7.0162462804129e-24,7.57663184060075e-07,4.92765602944726e-12,5.95049400071071e-11,1.0696982618856e-13,4.90625698055124e-14,1.70719696987514e-18,1.22780798899748e-09,1.02040216684498e-05,0.00504020523445625,0.994053040762571,0.000854680482228791,4.11102602151438e-05,2.83279709686855e-10
"Malaysia_Kedah_6426",2.8883237201332e-16,0.00134620959121034,1.01890099294449e-07,4.52508876453587e-07,4.1444075308633e-06,1.09487707986957e-07,5.22372753754442e-12,5.70916901237495e-08,7.31102005905844e-05,4.39307708653528e-05,0.968162714337765,0.0213714540707011,0.0089973338055689,3.81832169788375e-07
"Thailand_6681",2.93924046974767e-21,1.70497208484299e-07,1.07620091300948e-10,1.7134686387978e-07,1.56756661771204e-05,4.37541956754294e-06,6.98645950537695e-18,5.24555970091909e-11,6.40170540111029e-08,0.00155201225680171,0.988504363173843,0.0072127439724575,0.0027104133442709,1.01456800141362e-08
"Thailand_7080",1.54845860441685e-21,0.00262072733458373,2.7643484540676e-09,1.52113446796904e-09,5.07063090784936e-11,8.05412776713106e-13,2.94133936565129e-16,2.31052339784708e-13,7.56449971128589e-06,0.00579751115710979,0.593092379012543,0.243667175641773,0.154814638016863,1.90202067825937e-13
"Thailand_7081",7.70638092545171e-27,2.81778271216765e-07,1.83238211474745e-13,6.52928878287736e-10,8.12690972485269e-16,4.48228392684141e-15,6.22692523433311e-22,2.46939156404556e-10,1.52943569329916e-06,5.58255089897092e-05,0.956078219993412,0.000293565095571737,0.0435705771524645,1.35540850924698e-10
"Thailand_7082",2.33392953587598e-17,1.54521810084151e-05,5.52124507360186e-13,1.18452357715206e-12,1.50564556242634e-13,5.97407042568147e-16,5.72256615004466e-14,6.80634145882723e-08,9.56390679883144e-06,0.000332698259849567,0.94766325032684,0.0498033584809722,0.00217546910275705,1.39676413989638e-07
"Thailand_7083",3.17455005388573e-20,0.0106762442807913,2.33669868347835e-07,1.33499422075554e-05,5.50381753001245e-11,8.24411996527318e-11,1.45135702670856e-13,5.28074484586502e-16,4.63580103638939e-08,0.0305029705736483,0.863874309829903,0.00184008793920275,0.0930927570558449,2.12898179949306e-10
"Thailand_7084",1.76285640687433e-27,1.11632495109297e-06,1.57378254254052e-09,2.7244030784747e-10,2.07110178348311e-15,1.07284577678965e-15,1.34689101058283e-22,8.29010434511358e-16,1.44850284381741e-07,3.9408453246764e-05,0.00301102325901782,3.600792808829e-05,0.996912297338115,7.01293938828259e-14
"Thailand_7085",1.32384422991356e-25,8.55021775316852e-07,6.78925350587892e-08,2.03648001680706e-15,4.96817192550994e-22,3.2283170746532e-22,2.44490134597217e-21,1.54080865104684e-11,4.47510791386776e-08,4.52811775773308e-06,0.271411673672934,0.000670206125319637,0.00340595508527106,0.724506669317918
"Thailand_7086",1.29427724121426e-27,0.387869982339258,1.17662580804319e-06,1.30575783723804e-06,3.04042308070818e-11,6.91992848154514e-12,8.02737145744211e-21,2.91366775974848e-14,8.79833558578446e-10,0.00957179476455397,0.592945298881454,0.000378217799937234,0.00533330170551504,0.00389892120844956
"Thailand_7087",3.29947006606471e-24,4.90327620201339e-07,2.05515876930859e-13,2.6242504215821e-09,8.14016488963538e-14,1.71831492002311e-14,1.60971114254686e-19,3.55551641506243e-16,1.12184507588912e-08,0.000272546785644761,0.0429717652376904,0.00203242809711951,0.954722755456405,2.52513993648565e-10
"Thailand_7088",4.49155447974699e-20,3.47865621326007e-05,6.51305139273165e-09,5.55797051408652e-10,4.65393973614331e-15,3.29061976388631e-15,1.90611964767596e-15,2.75324799433296e-13,1.11230501048273e-06,2.67536090487135e-05,0.833959903804579,0.110590840376942,0.0553865912647702,5.00838304375221e-09
"Cambodia_Krong_Koh_Kong_6382",1.50542382678292e-23,2.0640309169259e-06,3.24986296362055e-09,3.28993863551545e-11,1.56332509024065e-18,3.18493375498735e-21,1.21056211905434e-19,8.02693986671884e-15,2.79973065023255e-10,0.00820443997608481,0.0171561362447336,0.85736826864368,0.117269087541824,1.75272933890336e-14
"Cambodia_Krong_Koh_Kong_6383",5.40667620167132e-19,0.00199417786218413,2.10172815781833e-08,1.09929201867899e-06,1.39252182979965e-08,7.40505886308657e-10,3.47375538163017e-14,8.74984480061447e-08,0.0956629720613997,6.0476201752585e-06,0.804451962368949,0.0320058555508076,0.0658777612375403,8.25437006609235e-10
"Cambodia_Krong_Koh_Kong_6384",3.84918642270768e-21,8.91327315779791e-05,8.7443415218885e-11,1.81240133284124e-16,8.92099303692721e-15,8.6150208977163e-18,1.88795078973129e-20,3.66587476237255e-11,4.59979353061027e-11,0.0111477478525614,0.00312691802756527,0.37367436325058,0.611961837967542,6.41285698741056e-14
"Cambodia_Krong_Koh_Kong_6385",3.88422113953399e-28,1.66062346355432e-06,2.6364445064302e-12,9.55271983581388e-11,9.72031446219212e-17,1.36027671362232e-17,1.12695887486134e-22,4.2850845403119e-13,2.18563790824336e-09,0.0194751750228614,0.0662031568051269,0.912282775446347,0.00203722981783017,1.40805079163769e-13
"Vietnam_7063",1.49629578890191e-26,7.5622692144166e-07,2.9271403321885e-13,2.10822386903121e-06,3.12956983335305e-11,8.68820907953616e-13,8.75666226249116e-24,1.19026157621147e-09,4.38650288472803e-08,0.00208787557996855,0.714313512120079,0.162645543341928,0.120950159414572,4.91471186484641e-12
"Vietnam_7064",1.0692508545548e-31,2.04880214088798e-05,2.96902751468271e-15,3.02685548640757e-16,9.59003509813721e-24,3.69999540931924e-26,1.30070939254658e-25,2.85780183436839e-22,1.18417311005741e-17,0.000582662273247414,0.000238233394992148,0.0238865567131977,0.975272059596923,2.2755895042909e-13
"Vietnam_7065",6.74922105054968e-27,1.27900863192749e-07,1.83714118405718e-10,1.16160660577744e-19,1.4043572794629e-21,7.02345953665822e-24,2.82733358883057e-23,2.62768020281416e-17,9.92003289817693e-12,2.25070884496585e-07,6.91371743980067e-05,4.14377646644719e-06,0.999926365845102,3.86515395323879e-11
"Vietnam_7066",1.88001274374028e-25,1.65615224431593e-05,1.47861025606997e-10,5.00373821668523e-12,5.65680770446855e-15,2.39705269566712e-18,8.19337036587942e-21,5.35004162673221e-16,2.61874577408678e-10,0.00561109043680518,0.0034878437275145,0.894515988833424,0.096368515065068,1.1931189281851e-20
"Vietnam_7067",1.04345904661e-25,9.1577759107549e-05,3.09867952276686e-10,2.92551097276948e-15,6.61232609517905e-18,2.39120675225372e-20,2.19268310093577e-22,4.1495504061183e-15,2.02618373206371e-10,0.000779825793808435,0.000508590891821647,0.000659296537154862,0.997960708505613,1.07006731536555e-15
"Vietnam_7068",1.01285577056539e-34,0.000484251035235932,8.105027761745e-08,9.03567705469878e-14,1.90866855062102e-17,1.12367417750187e-18,1.22312712230063e-28,1.81392962651735e-19,3.78436835212791e-14,0.11542560174741,0.0275924084581585,0.188123089618874,0.668374417759373,1.50330542293185e-07
"Vietnam_7069",4.18691981120611e-28,5.54994512730215e-07,6.83964295275067e-12,1.613038752601e-11,1.10344950781982e-19,1.67174148738695e-19,2.86820420952351e-22,4.74376619703401e-19,1.37519789622678e-12,1.69662160288888e-05,0.0116141763134988,0.000419656526053641,0.987948645924399,1.16172136700043e-12
"Vietnam_7070",1.30154462504349e-18,5.94632357487383e-05,1.51104210532304e-11,1.65515936641183e-11,6.71573941479796e-14,8.28302905315029e-14,2.49282124896344e-20,9.18903912907591e-06,0.000721141572646289,0.000103773894372899,0.0201321623407792,0.000571720102095151,0.978402549783379,3.7283249986601e-14
"Vietnam_7071",2.71687793007597e-22,3.09089616783476e-05,6.37338600427077e-08,2.83440738712793e-10,4.1635908775518e-16,4.41855304845516e-17,2.26653052080949e-22,3.25114698767672e-09,4.02339490421459e-06,4.02193871041225e-06,0.000477949270517055,0.079860827837964,0.919622201327778,4.55841783905052e-19
"Vietnam_Cat_Tien_7176",1.20215833250591e-21,8.472146422129e-06,3.73636229229814e-10,1.03220838352243e-06,4.3054619937987e-12,1.69930460077146e-12,4.00766739122977e-17,8.08441716223146e-15,3.63283794615147e-09,0.0529794146644774,0.149804574531826,0.000407263128298205,0.796799239304537,3.56875652248708e-12
"Vietnam_Cat_Tien_7178",5.28005669786392e-25,0.000409536274646807,0.00017108624314096,3.39444358425783e-06,1.80591406706084e-15,1.55602801270013e-15,5.18436877495801e-20,8.10699217537528e-09,0.0389452328059583,0.0249415194610899,0.752877103250486,0.00404676517741375,0.178605354232248,4.43635406978954e-12
"Vietnam_Cat_Tien_7179",4.553455436766e-24,0.000926286442435725,3.87773318611997e-08,1.08525643524405e-07,1.86660476184941e-18,1.17126327592815e-18,7.67360331155876e-18,1.15138934821839e-14,1.33702939217231e-07,0.308000934011829,0.179570896236169,0.0054611362583008,0.506040466033445,1.18948229830168e-11
"Vietnam_Cat_Tien_7182",2.73208479155852e-18,7.97309634223118e-05,0.000424763766239768,1.83136668712205e-05,9.67551118539316e-08,3.69378443544689e-08,9.02155378234621e-15,5.18049491831792e-08,0.0833377780362784,0.00021124001230856,0.894081852590661,0.00111232857005863,0.0207336027302531,2.04165992525701e-07
"Vietnam_Cat_Tien_7183",1.234279818312e-23,7.15780725402643e-05,1.10292182047822e-14,8.25125543750147e-14,1.37479770748929e-09,1.04286684859544e-10,4.26409024888316e-19,3.2968105903644e-11,1.31924361981875e-06,0.0111684935881573,0.333279192401146,0.245874965435903,0.409604449746483,4.34522615680758e-15
"Philippines_6448",2.24416909082655e-31,3.33374308674174e-16,1.09693144419121e-17,1.54355250250511e-22,1.00587366912638e-21,7.55982922627431e-23,3.12670075080416e-27,1.16590262583121e-16,2.91904014412987e-16,4.29470636657892e-18,3.06674628515662e-10,1.68550145845491e-14,9.7571803508308e-15,0.999999999693298
"Philippines_6449",6.53466491806426e-32,5.96555820906185e-18,2.02812304416041e-20,3.11885801372102e-27,1.84962348824314e-24,5.62893042947704e-26,8.24383345283021e-27,3.02483926378171e-23,2.09403412827863e-21,1.28008170639322e-20,1.74513722105358e-13,8.40517772069381e-18,1.20035044833848e-18,0.999999999999825
"Philippines_6450",2.3850311058117e-36,1.09439615894728e-17,2.06600909022914e-16,3.50267074359756e-28,1.13125144142561e-29,5.54403003006009e-31,3.99012963013722e-31,2.2502512287707e-24,2.91945351450773e-23,1.40144292217279e-21,2.69250030406928e-14,2.59246233464884e-18,8.73966175387143e-18,0.999999999999973
"Philippines_Batanes_Province_7093",1.03111802066208e-38,2.00831666622173e-13,2.12507381744505e-11,4.88317267480758e-18,2.52004400952834e-25,5.8133274668196e-26,1.03411194526578e-30,8.90547925836846e-29,4.86393799354971e-23,2.03328820805824e-14,5.60971551985872e-10,9.49417713822424e-14,6.83084368699688e-12,0.999999999410631
"Philippines_Batanes_Province_7094",4.24230717585924e-23,0.000955237926091633,0.00030830748524783,1.15609212204967e-13,2.43038394530761e-18,1.77223371646531e-18,3.4452962838098e-18,5.79576848606196e-13,1.22095728222074e-08,0.000159240182683862,0.568746910031341,0.000319929076958038,0.006529347111899,0.42298101597551
"Philippines_Batanes_Province_7095",7.53461678262085e-25,2.19355518013926e-08,0.00132863906268303,1.3004661986415e-09,5.18211430561138e-15,5.25587836501804e-15,1.86046696730214e-19,1.74010468586325e-16,1.54078924211363e-12,2.17389658906523e-09,0.000336174332730913,7.43502843623256e-08,8.58293343385417e-08,0.998335001013501
"Philippines_Batanes_Province_7096",1.23985268573271e-30,1.86874284388111e-07,5.23317521753889e-07,6.30086518591084e-14,8.39655952587442e-22,1.0075156642326e-22,5.09709739819275e-24,5.34775136662264e-21,7.80229573313132e-15,8.70443076425829e-11,7.23303147785231e-07,1.42164576928853e-07,2.38666894543303e-08,0.999998400386665
"Philippines_Batanes_Province_7097",3.42411557255531e-43,8.2694742973621e-10,3.29492621189795e-06,6.25413939447438e-18,2.32695920637402e-23,2.7019141020019e-24,4.32241399080021e-35,1.5915879901376e-26,5.22673154223366e-21,4.52083306255405e-14,8.22577213548995e-10,7.18387834440939e-13,4.19810054740785e-11,0.999996703381519
"Philippines_Luzon_7098",4.11524835069991e-40,1.58195490604422e-20,7.14552277445363e-21,6.94516152431764e-28,2.00124883436591e-28,5.12023063225129e-30,2.36294322082055e-34,4.38236933584318e-25,8.45021499580346e-25,8.03050027934721e-24,2.74105135137342e-15,1.97643346824051e-19,2.12524345771873e-20,0.999999999999997
"Philippines_Luzon_7100",2.14321533084017e-31,7.73198404716959e-15,1.68641909353077e-13,6.05340405995075e-23,3.5088851747268e-24,1.41905280419538e-24,8.10665276005588e-28,6.44080790543588e-18,5.99169920506955e-17,6.49798882891966e-15,4.91826475253617e-09,3.09500793664626e-14,4.42359133357203e-13,0.999999995081079
"Philippines_Luzon_7101",3.18161063748325e-32,1.65883893081403e-10,4.09401104674332e-13,6.23607686698659e-20,9.28806793814088e-22,1.14885556861775e-22,7.62976209353386e-26,6.02700320658153e-21,3.51934670528086e-15,2.09221317007355e-12,3.88891988433653e-07,2.46375572953192e-11,2.03461427940755e-09,0.999999608880371
"Philippines_Luzon_7102",2.01768204877606e-34,9.30732219097748e-11,1.31388904308155e-15,5.40337294653898e-19,2.33331774096085e-23,1.34722358452417e-23,1.46697666415227e-28,2.71810230032641e-20,4.32808177277573e-18,1.46354074385824e-12,9.49679392745202e-08,1.29517892847463e-12,1.19044556620956e-10,0.999999904817183
